<!DOCTYPE html>
<html lang="en"><head><meta charset="UTF-8"/><meta name="viewport" content="width=device-width, initial-scale=1.0"/><title>Stokes drag · Inti.jl</title><meta name="title" content="Stokes drag · Inti.jl"/><meta property="og:title" content="Stokes drag · Inti.jl"/><meta property="twitter:title" content="Stokes drag · Inti.jl"/><meta name="description" content="Documentation for Inti.jl."/><meta property="og:description" content="Documentation for Inti.jl."/><meta property="twitter:description" content="Documentation for Inti.jl."/><meta property="og:url" content="https://IntegralEquations.github.io/Inti.jl/examples/generated/stokes_drag/"/><meta property="twitter:url" content="https://IntegralEquations.github.io/Inti.jl/examples/generated/stokes_drag/"/><link rel="canonical" href="https://IntegralEquations.github.io/Inti.jl/examples/generated/stokes_drag/"/><script data-outdated-warner src="../../../assets/warner.js"></script><link href="https://cdnjs.cloudflare.com/ajax/libs/lato-font/3.0.0/css/lato-font.min.css" rel="stylesheet" type="text/css"/><link href="https://cdnjs.cloudflare.com/ajax/libs/juliamono/0.050/juliamono.min.css" rel="stylesheet" type="text/css"/><link href="https://cdnjs.cloudflare.com/ajax/libs/font-awesome/6.4.2/css/fontawesome.min.css" rel="stylesheet" type="text/css"/><link href="https://cdnjs.cloudflare.com/ajax/libs/font-awesome/6.4.2/css/solid.min.css" rel="stylesheet" type="text/css"/><link href="https://cdnjs.cloudflare.com/ajax/libs/font-awesome/6.4.2/css/brands.min.css" rel="stylesheet" type="text/css"/><link href="https://cdnjs.cloudflare.com/ajax/libs/KaTeX/0.16.8/katex.min.css" rel="stylesheet" type="text/css"/><script>documenterBaseURL="../../.."</script><script src="https://cdnjs.cloudflare.com/ajax/libs/require.js/2.3.6/require.min.js" data-main="../../../assets/documenter.js"></script><script src="../../../search_index.js"></script><script src="../../../siteinfo.js"></script><script src="../../../../versions.js"></script><link class="docs-theme-link" rel="stylesheet" type="text/css" href="../../../assets/themes/documenter-dark.css" data-theme-name="documenter-dark" data-theme-primary-dark/><link class="docs-theme-link" rel="stylesheet" type="text/css" href="../../../assets/themes/documenter-light.css" data-theme-name="documenter-light" data-theme-primary/><script src="../../../assets/themeswap.js"></script></head><body><div id="documenter"><nav class="docs-sidebar"><div class="docs-package-name"><span class="docs-autofit"><a href="../../../">Inti.jl</a></span></div><button class="docs-search-query input is-rounded is-small is-clickable my-2 mx-auto py-1 px-2" id="documenter-search-query">Search docs (Ctrl + /)</button><ul class="docs-menu"><li><a class="tocitem" href="../../../">Home</a></li><li><span class="tocitem">Tutorials</span><ul><li><a class="tocitem" href="../../../tutorials/getting_started/">Getting started</a></li><li><a class="tocitem" href="../../../tutorials/geo_and_meshes/">Geometry and meshes</a></li><li><a class="tocitem" href="../../../tutorials/integral_operators/">Boundary integral operators</a></li><li><a class="tocitem" href="../../../tutorials/layer_potentials/">Layer potentials</a></li><li><a class="tocitem" href="../../../tutorials/compression_methods/">Compression methods</a></li><li><a class="tocitem" href="../../../tutorials/correction_methods/">Correction methods</a></li><li><a class="tocitem" href="../../../tutorials/solvers/">Solvers</a></li></ul></li><li><span class="tocitem">Examples</span><ul><li><a class="tocitem" href="../toy_example/">Toy example</a></li><li><a class="tocitem" href="../helmholtz_scattering/">Helmholtz scattering</a></li><li><a class="tocitem" href="../poisson/">Poisson solver</a></li><li class="is-active"><a class="tocitem" href>Stokes drag</a></li></ul></li><li><a class="tocitem" href="../../../references/">References</a></li><li><a class="tocitem" href="../../../docstrings/">Docstrings</a></li></ul><div class="docs-version-selector field has-addons"><div class="control"><span class="docs-label button is-static is-size-7">Version</span></div><div class="docs-selector control is-expanded"><div class="select is-fullwidth is-size-7"><select id="documenter-version-selector"></select></div></div></div></nav><div class="docs-main"><header class="docs-navbar"><a class="docs-sidebar-button docs-navbar-link fa-solid fa-bars is-hidden-desktop" id="documenter-sidebar-button" href="#"></a><nav class="breadcrumb"><ul class="is-hidden-mobile"><li><a class="is-disabled">Examples</a></li><li class="is-active"><a href>Stokes drag</a></li></ul><ul class="is-hidden-tablet"><li class="is-active"><a href>Stokes drag</a></li></ul></nav><div class="docs-right"><a class="docs-navbar-link" href="https://github.com/IntegralEquations/Inti.jl" title="View the repository on GitHub"><span class="docs-icon fa-brands"></span><span class="docs-label is-hidden-touch">GitHub</span></a><a class="docs-navbar-link" href="https://github.com/IntegralEquations/Inti.jl/blob/main/docs/src/examples/stokes_drag.jl" title="Edit source on GitHub"><span class="docs-icon fa-solid"></span></a><a class="docs-settings-button docs-navbar-link fa-solid fa-gear" id="documenter-settings-button" href="#" title="Settings"></a><a class="docs-article-toggle-button fa-solid fa-chevron-up" id="documenter-article-toggle-button" href="javascript:;" title="Collapse all docstrings"></a></div></header><article class="content" id="documenter-page"><h1 id="Stokes-drag"><a class="docs-heading-anchor" href="#Stokes-drag">Stokes drag</a><a id="Stokes-drag-1"></a><a class="docs-heading-anchor-permalink" href="#Stokes-drag" title="Permalink"></a></h1><p><a href="../stokes_drag.ipynb"><img src="https://img.shields.io/badge/download-ipynb-blue" alt="ipynb"/></a> <a href="https://nbviewer.jupyter.org/github/IntegralEquations/Inti.jl/blob/gh-pages/previews/PR55/examples/generated/stokes_drag.ipynb"><img src="https://img.shields.io/badge/show-nbviewer-blue.svg" alt="nbviewer"/></a></p><div class="admonition is-info"><header class="admonition-header">Important points covered in this example</header><div class="admonition-body"><ul><li>Solving a vector-value problem</li><li>Usage of curved triangular mesh</li><li>Post-processing integral quantities</li></ul></div></div><pre><code class="language-julia hljs">using Inti
using StaticArrays
using LinearAlgebra
using Gmsh</code></pre><p>parameters</p><pre><code class="language-julia hljs">μ = 2.0
R = 1.0
v = 1.0</code></pre><pre class="documenter-example-output"><code class="nohighlight hljs ansi">1.0</code></pre><p>create a sphere using gmsh</p><pre><code class="language-julia hljs">msh_file = joinpath(tempdir(), &quot;stokes-drag.msh&quot;)
gmsh.initialize()
gmsh.model.add(&quot;stokes-drag&quot;)</code></pre><p>set verbosity level to 0</p><pre><code class="language-julia hljs">gmsh.option.setNumber(&quot;General.Verbosity&quot;, 2)</code></pre><p>set max and min meshsize to meshsize</p><pre><code class="language-julia hljs">meshsize = 0.2
gmsh.option.setNumber(&quot;Mesh.MeshSizeMax&quot;, meshsize)
gmsh.model.occ.addSphere(0, 0, 0, R)
gmsh.model.occ.synchronize()
gmsh.model.mesh.generate(2)
gmsh.model.mesh.setOrder(2)
gmsh.write(msh_file)
gmsh.finalize()</code></pre><p>import the geometry and mesh</p><pre><code class="language-julia hljs">Inti.clear_entities!()
msh = Inti.import_mesh(msh_file)
Ω = Inti.Domain(e -&gt; Inti.geometric_dimension(e) == 3, Inti.entities(msh))
Γ = Inti.boundary(Ω)</code></pre><pre class="documenter-example-output"><code class="nohighlight hljs ansi">Domain with 1 entity
 EntityKey: (2, 1) =&gt; Inti.GeometricEntity with labels String[]</code></pre><p>create a quadrature</p><pre><code class="language-julia hljs">Γ_msh = view(msh, Γ)
Q = Inti.Quadrature(Γ_msh; qorder = 4)</code></pre><pre class="documenter-example-output"><code class="nohighlight hljs ansi">4920-element Inti.Quadrature{3, Float64}:
 Inti.QuadratureNode{3, Float64}([-0.8273867180781838, -0.4035838803485383, 0.3905357989079397], 0.004994916949337051, [-0.8273773612694632, -0.40403977163352783, 0.3901263449154732])
 Inti.QuadratureNode{3, Float64}([-0.7914981345352323, -0.4777304065205319, 0.38113893514280567], 0.004993902351845991, [-0.7918139079297899, -0.4773413345561261, 0.3810196655464527])
 Inti.QuadratureNode{3, Float64}([-0.8392646864112046, -0.43163060341435067, 0.33060043852484655], 0.004994881249296638, [-0.8390646192047116, -0.43161689991478097, 0.3311758090603937])
 Inti.QuadratureNode{3, Float64}([-0.8000269775409674, -0.5092860560343675, 0.31711315457595735], 0.0024646275114907834, [-0.8001182622844817, -0.5090629240927401, 0.317278593152785])
 Inti.QuadratureNode{3, Float64}([-0.8745183541511254, -0.3495999454127377, 0.33611158540299857], 0.002472473327578867, [-0.8744390427470371, -0.3497700388579276, 0.3361804283966706])
 Inti.QuadratureNode{3, Float64}([-0.7745816857384924, -0.4493579794247139, 0.4450580219101864], 0.0024649066179195846, [-0.7747511287698281, -0.4493218569137142, 0.4448264351064232])
 Inti.QuadratureNode{3, Float64}([-0.730760908716545, -0.297999169915408, -0.6141256904638579], 0.00510529481803465, [-0.7311375726099448, -0.2981353311403698, -0.6136392867506608])
 Inti.QuadratureNode{3, Float64}([-0.77501269133466, -0.2840068936718977, -0.5645005477232538], 0.005105324305347848, [-0.7746431058466056, -0.284385934266628, -0.5648475006190801])
 Inti.QuadratureNode{3, Float64}([-0.7444095640416908, -0.36204684103536117, -0.5610145510328675], 0.005104264418227007, [-0.7445033026634108, -0.36157047418699667, -0.5612322375981836])
 Inti.QuadratureNode{3, Float64}([-0.7891223064136539, -0.34951346683646517, -0.5050755311652048], 0.0025194961376305463, [-0.7890237993461742, -0.3493984576869399, -0.505333713333393])
 ⋮
 Inti.QuadratureNode{3, Float64}([0.1977983078286256, 0.4665333304666287, 0.862093899844884], 0.001680730480638278, [0.19791400047881855, 0.4664112724599603, 0.8621430121138552])
 Inti.QuadratureNode{3, Float64}([0.3058656880212241, 0.4969228685030933, 0.8120980348792378], 0.0016730006440716424, [0.3057952756540202, 0.4967459545235164, 0.8122393157513385])
 Inti.QuadratureNode{3, Float64}([0.3600432750453902, 0.3852123369927775, 0.8496844524263684], 0.0016815518296918828, [0.35988772086516685, 0.3852133121194897, 0.8497596910517752])
 Inti.QuadratureNode{3, Float64}([0.2799112363721939, 0.35543616446358367, 0.891792204863694], 0.0039032853125356244, [0.2797795660894664, 0.3558169444741397, 0.8916937234408893])
 Inti.QuadratureNode{3, Float64}([0.20383238372566087, 0.39305188763319165, 0.8966257797129937], 0.003902733720374876, [0.20417639251467962, 0.3931051062561703, 0.8965379948306802])
 Inti.QuadratureNode{3, Float64}([0.26835227540296125, 0.4080370174761785, 0.8726242969947015], 0.0039040060317191453, [0.26816570917226484, 0.4076524359416249, 0.8728726389886418])
 Inti.QuadratureNode{3, Float64}([0.18729960316234173, 0.4485170399437556, 0.8739179729985608], 0.0019276543949934236, [0.18747729796041576, 0.4484405615575939, 0.8739298172618732])
 Inti.QuadratureNode{3, Float64}([0.3496503104140651, 0.3673173653657403, 0.8618603681782787], 0.0019319126540312747, [0.3495449950439263, 0.36742821156597305, 0.8618670464666647])
 Inti.QuadratureNode{3, Float64}([0.2127242784876755, 0.33709620081228425, 0.917115191823934], 0.0019219867732554606, [0.21285725964795527, 0.33729464913545587, 0.9170191419374804])</code></pre><p>check error in surface area</p><pre><code class="language-julia hljs">@show length(Q)
@show abs(Inti.integrate(x -&gt; 1, Q) - 4π)</code></pre><pre class="documenter-example-output"><code class="nohighlight hljs ansi">0.00019470407417898628</code></pre><p>the pde and its integral kernels</p><pre><code class="language-julia hljs">pde = Inti.Stokes(; dim = 3, μ)
G   = Inti.SingleLayerKernel(pde)
dG  = Inti.DoubleLayerKernel(pde)</code></pre><pre class="documenter-example-output"><code class="nohighlight hljs ansi">Inti.DoubleLayerKernel{StaticArraysCore.SMatrix{3, 3, Float64, 9}, Inti.Stokes{3, Float64}}(μΔu -∇p = 0, ∇⋅u = 0
)</code></pre><p>choice of a integral representation</p><pre><code class="language-julia hljs">T = SVector{3,Float64}
σ = zeros(T, length(Q))
𝒮 = Inti.IntegralPotential(G, Q)
𝒟 = Inti.IntegralPotential(dG, Q)
u = (x) -&gt; 𝒟[σ](x) - 𝒮[σ](x)</code></pre><pre class="documenter-example-output"><code class="nohighlight hljs ansi">#5 (generic function with 1 method)</code></pre><p>Dirichlet trace on Q (constant velocity field)</p><pre><code class="language-julia hljs">f = map(Q) do q
    return T(v, 0.0, 0.0)
end

Sop = Inti.IntegralOperator(G, Q, Q)
Smat = Inti.assemble_matrix(Sop)</code></pre><pre class="documenter-example-output"><code class="nohighlight hljs ansi">4920×4920 Inti.BlockArray{StaticArraysCore.SMatrix{3, 3, Float64, 9}, 2, Float64}:
 [-0.0 -0.0 -0.0; -0.0 -0.0 -0.0; -0.0 -0.0 -0.0]                                                                  …  [4.33824e-5 1.11794e-5 7.94787e-6; 1.11794e-5 3.56446e-5 5.65981e-6; 7.94787e-6 5.65981e-6 3.17074e-5]
 [0.00142312 -0.000463972 -5.88008e-5; -0.000463972 0.00215712 0.000121484; -5.88008e-5 0.000121484 0.00121394]       [4.13703e-5 1.14051e-5 7.50205e-6; 1.14051e-5 3.65683e-5 6.08716e-6; 7.50205e-6 6.08716e-6 3.13182e-5]
 [0.00152419 0.000108939 0.0002328; 0.000108939 0.00173529 0.000549696; 0.0002328 0.000549696 0.00265275]             [4.12662e-5 1.05999e-5 8.08738e-6; 1.05999e-5 3.45061e-5 5.90975e-6; 8.08738e-6 5.90975e-6 3.12694e-5]
 [0.000787886 -0.000126159 -8.76324e-5; -0.000126159 0.00124264 0.000338561; -8.76324e-5 0.000338561 0.000990402]     [3.92416e-5 1.07545e-5 7.62391e-6; 1.07545e-5 3.53609e-5 6.37149e-6; 7.62391e-6 6.37149e-6 3.08899e-5]
 [0.00140721 -0.000346974 0.000349804; -0.000346974 0.0015017 -0.00040066; 0.000349804 -0.00040066 0.00150821]        [4.31834e-5 1.016e-5 8.59625e-6; 1.016e-5 3.3514e-5 5.42934e-6; 8.59625e-6 5.42934e-6 3.16907e-5]
 [0.00151902 -0.000344926 0.000410846; -0.000344926 0.00142011 -0.000356142; 0.000410846 -0.000356142 0.00154532]  …  [4.3602e-5 1.21308e-5 7.28131e-6; 1.21308e-5 3.80361e-5 5.80004e-6; 7.28131e-6 5.80004e-6 3.18546e-5]
 [9.88087e-5 9.70074e-7 -9.23046e-6; 9.70074e-7 9.8981e-5 -1.00863e-5; -9.23046e-6 -1.00863e-5 0.000193894]           [2.49512e-5 3.30159e-6 7.96027e-6; 3.30159e-6 2.22688e-5 5.35836e-6; 7.96027e-6 5.35836e-6 3.29656e-5]
 [0.000103395 6.94869e-7 -5.54977e-6; 6.94869e-7 0.000104677 -1.26709e-5; -5.54977e-6 -1.26709e-5 0.00020429]         [2.5837e-5 3.49733e-6 8.34274e-6; 3.49733e-6 2.24743e-5 5.24604e-6; 8.34274e-6 5.24604e-6 3.27894e-5]
 [0.00010472 3.91915e-7 -8.97817e-6; 3.91915e-7 0.000104133 -4.49433e-6; -8.97817e-6 -4.49433e-6 0.000206895]         [2.53314e-5 3.762e-6 7.95363e-6; 3.762e-6 2.29292e-5 5.80976e-6; 7.95363e-6 5.80976e-6 3.24642e-5]
 [0.000110852 2.83858e-7 -4.70176e-6; 2.83858e-7 0.000111052 -6.64393e-6; -4.70176e-6 -6.64393e-6 0.000220699]        [2.63117e-5 4.02075e-6 8.32828e-6; 4.02075e-6 2.32005e-5 5.70774e-6; 8.32828e-6 5.70774e-6 3.22675e-5]
 ⋮                                                                                                                 ⋱  
 [0.000105833 3.06367e-5 1.66035e-5; 3.06367e-5 9.5739e-5 1.40921e-5; 1.66035e-5 1.40921e-5 7.73736e-5]               [0.000273358 -2.61098e-5 1.10988e-5; -2.61098e-5 0.000496769 -9.6248e-5; 1.10988e-5 -9.6248e-5 0.00031126]
 [0.000103156 2.95941e-5 1.38541e-5; 2.95941e-5 8.94288e-5 1.10088e-5; 1.38541e-5 1.10088e-5 7.10664e-5]              [0.000214218 5.9138e-5 -3.88577e-5; 5.9138e-5 0.000281232 -6.66782e-5; -3.88577e-5 -6.66782e-5 0.000223566]
 [0.000108059 2.77067e-5 1.61278e-5; 2.77067e-5 8.47556e-5 1.07135e-5; 1.61278e-5 1.07135e-5 7.25865e-5]              [0.000398126 5.61409e-5 -7.86768e-5; 5.61409e-5 0.000244573 -2.56968e-5; -7.86768e-5 -2.56968e-5 0.000262249]
 [0.00011075 2.83819e-5 1.87434e-5; 2.83819e-5 8.87996e-5 1.2848e-5; 1.87434e-5 1.2848e-5 7.78295e-5]                 [0.000940095 0.000115772 -0.000159853; 0.000115772 0.000547576 -4.36349e-5; -0.000159853 -4.36349e-5 0.000576223]
 [0.000109768 2.98831e-5 1.89843e-5; 2.98831e-5 9.41702e-5 1.46657e-5; 1.89843e-5 1.46657e-5 8.04018e-5]           …  [0.00064847 -8.69908e-5 3.18536e-5; -8.69908e-5 0.00118207 -0.000200451; 3.18536e-5 -0.000200451 0.000708046]
 [0.000108143 2.92109e-5 1.73507e-5; 2.92109e-5 9.03435e-5 1.28518e-5; 1.73507e-5 1.28518e-5 7.63406e-5]              [0.000496804 0.000148514 -9.31415e-5; 0.000148514 0.000569743 -0.000118781; -9.31415e-5 -0.000118781 0.000454841]
 [0.000106918 3.06213e-5 1.73709e-5; 3.06213e-5 9.61688e-5 1.45875e-5; 1.73709e-5 1.45875e-5 7.87293e-5]              [0.000326517 -5.9394e-5 2.30267e-5; -5.9394e-5 0.000573252 -0.000100912; 2.30267e-5 -0.000100912 0.000352087]
 [0.000109104 2.75972e-5 1.68728e-5; 2.75972e-5 8.50424e-5 1.10508e-5; 1.68728e-5 1.10508e-5 7.3724e-5]               [0.000463102 4.62173e-5 -8.45013e-5; 4.62173e-5 0.000263902 -1.86504e-5; -8.45013e-5 -1.86504e-5 0.000287801]
 [0.000112744 2.90533e-5 2.06552e-5; 2.90533e-5 9.26343e-5 1.47089e-5; 2.06552e-5 1.47089e-5 8.24021e-5]              [-0.0 -0.0 -0.0; -0.0 -0.0 -0.0; -0.0 -0.0 -0.0]</code></pre><p>integral operators defined on the boundary</p><pre><code class="language-julia hljs">S, D = Inti.single_double_layer(;
    pde,
    target = Q,
    source = Q,
    compression = (method = :none,),
    correction = (method = :dim,),
)</code></pre><pre class="documenter-example-output"><code class="nohighlight hljs ansi">(StaticArraysCore.SMatrix{3, 3, Float64, 9}[[0.005205113592579436 -0.0010527829160871833 0.0012618811233602156; -0.0010015938225339553 0.005363967518182659 -0.0008968031921672606; 0.0013072944371768644 -0.001034179145251928 0.005790244020235844] [0.0017450963086301171 -0.0002229767710468436 -2.6646153262592452e-5; -0.0005148498801500923 0.002768289249628534 0.0004131766222071362; -0.00024920493217291996 0.0006964658344756099 0.0017486902691460889] … [4.219872541993561e-5 1.0673931065565369e-5 6.525979805931589e-6; 1.0673931065565369e-5 3.289232003179368e-5 4.274195152843501e-6; 6.525979805931589e-6 4.274195152843501e-6 2.8514639458213518e-5] [4.338242346276479e-5 1.1179378792188082e-5 7.947872026398055e-6; 1.1179378792188082e-5 3.564463367185176e-5 5.659809882796091e-6; 7.947872026398055e-6 5.659809882796091e-6 3.170740237825737e-5]; [0.0017613179823663064 -0.0006780810812801015 -7.104309493695863e-5; -0.0005408685140220551 0.0026257505401840802 0.00015296990629879825; 6.2166221094714166e-6 1.3288622180931611e-5 0.001500053895438727] [0.00511869234603554 -0.00036334937152393223 0.0005713746711733973; -0.0003634694167025775 0.005881258557342365 0.0009297528022113531; 0.0006972775120066868 0.0007484884016208003 0.0069568750839069165] … [4.04926113514104e-5 1.100056717652902e-5 6.257881025471437e-6; 1.100056717652902e-5 3.378368199914058e-5 4.63411087375138e-6; 6.257881025471437e-6 4.63411087375138e-6 2.8273700124731283e-5] [4.1370273047357814e-5 1.140510722445307e-5 7.502045984014422e-6; 1.140510722445307e-5 3.656830771572553e-5 6.08716415600436e-6; 7.502045984014422e-6 6.08716415600436e-6 3.1318209496810274e-5]; … ; [0.00010910386057083327 2.7597209989900848e-5 1.6872774799450805e-5; 2.7597209989900848e-5 8.504235762781292e-5 1.1050835952217256e-5; 1.6872774799450805e-5 1.1050835952217256e-5 7.372396243529137e-5] [0.00010467147499563949 2.8435943094981542e-5 1.6176324900332843e-5; 2.8435943094981542e-5 8.732921161703515e-5 1.1978956265363052e-5; 1.6176324900332843e-5 1.1978956265363052e-5 7.308617046099544e-5] … [0.004086551996100828 -0.0004008397744699901 -0.0005136008725112896; -0.0004064479482353879 0.0032451001328504814 -0.0001400359439601673; -0.0004481963452145683 -0.00011169748296995255 0.0027358007411607465] [0.00040808152680648236 -0.0005384894451686806 0.00013101672296785623; -7.28736964714057e-5 0.0002936561565748615 -2.1684759264962196e-5; 6.052101304761214e-5 0.0004199848822366965 -2.961840122102312e-6]; [0.00011274354499872496 2.9053305355258783e-5 2.0655168520528042e-5; 2.9053305355258783e-5 9.263434450117212e-5 1.4708883904398234e-5; 2.0655168520528042e-5 1.4708883904398234e-5 8.240214956856893e-5] [0.00010749246911713836 2.963391454290804e-5 1.9492582157456297e-5; 2.963391454290804e-5 9.501551230514993e-5 1.5816291671588082e-5; 1.9492582157456297e-5 1.5816291671588082e-5 8.137417085176704e-5] … [0.00040012487622585497 -2.3290749274115696e-6 -5.199865357309062e-5; -2.8390390044946846e-5 0.00015223779447525067 2.617812259867893e-5; -6.354242312917041e-5 4.276117526245369e-5 0.00021079157231820622] [0.004694914514231329 -8.797158040320166e-5 -0.00038632559730621195; -0.0001971066478305556 0.0037315377508135776 -0.00025962380965160857; -0.0004722698777056218 -0.0002768270281644651 0.0030400092709366128]], StaticArraysCore.SMatrix{3, 3, Float64, 9}[[-0.007016234606632355 0.006385751743231928 -0.00814529506197855; 0.00640448250798471 -0.006667812797923476 0.005950116207129421; -0.007927667108724256 0.0057222854737829535 -0.01211810997313658] [-0.0009281962400444386 0.004252196840006207 0.0025582953627175426; 0.0018057135745661445 -0.007094966369377889 -0.0031055882088691896; 0.0005075408670232992 0.00013433420459172914 0.0008326713167652938] … [-9.778129463024485e-5 -6.404192902458636e-5 -3.9154865529873825e-5; -6.404192902458636e-5 -4.1944307330960204e-5 -2.5644507251755987e-5; -3.915486552987382e-5 -2.5644507251755984e-5 -1.56789036232324e-5] [-9.421695861142347e-5 -6.70934398169458e-5 -4.7699436917599484e-5; -6.70934398169458e-5 -4.777833770919807e-5 -3.3967550505765704e-5; -4.7699436917599484e-5 -3.39675505057657e-5 -2.414890393182558e-5]; [-0.001548025659128943 0.0023350557908294028 0.0002337419824825491; 0.0036826440820169194 -0.006144874206008823 0.00013201963355280347; 0.000792218863499453 -0.0017955410673675288 0.0004934223943503003] [-0.002863565512806119 0.0013115655013791402 -0.004789343075035886; 0.003081568274189112 -0.010951322201244559 -0.006543151375181926; -0.0032369121670575564 -0.009179307811488473 -0.01910455556077754] … [-8.912954979380463e-5 -6.600256767280409e-5 -3.7546810927467045e-5; -6.600256767280408e-5 -4.8876483158292466e-5 -2.7804313326738934e-5; -3.7546810927467045e-5 -2.780431332673893e-5 -1.5817010341512475e-5] [-8.435843317123827e-5 -6.844847815527115e-5 -4.502400727594e-5; -6.844847815527115e-5 -5.553913207778771e-5 -3.6532503777472783e-5; -4.502400727594e-5 -3.6532503777472783e-5 -2.403033289000265e-5]; … ; [-0.0002529388098423061 -0.00016566245485641055 -0.00010128506811156976; -0.00016566245485641055 -0.00010850074358364445 -6.633672797828964e-5; -0.00010128506811156976 -6.633672797828965e-5 -4.0557892356499415e-5] [-0.0002304149297848043 -0.00017062777755669814 -9.706484351721695e-5; -0.00017062777755669814 -0.0001263539584918776 -7.187884284972082e-5; -9.706484351721695e-5 -7.187884284972082e-5 -4.088964137793106e-5] … [-0.010182216814481353 0.0013458763722886795 0.002574037161072237; 0.002590872623021167 -0.0036356741106428245 0.0005183609082756589; 0.003730101202437924 0.0011582525145220404 -0.0016463422694156051] [-0.0013113958007052136 -0.0012179890548677458 0.00037945810093649587; 0.00199017172022418 -0.0020129035604639933 -0.0006422332148356217; 0.0015291328141162788 0.0023415749268330408 -0.0011582997371200492]; [-0.0002449282902792726 -0.00017441744825466438 -0.0001240004103687459; -0.00017441744825466438 -0.00012420552244488098 -8.830272376615764e-5; -0.0001240004103687459 -8.830272376615764e-5 -6.277797372482051e-5] [-0.00021914330464272526 -0.00017781299553374963 -0.00011696174729418302; -0.00017781299553374966 -0.0001442775604403338 -9.490282481204024e-5; -0.00011696174729418302 -9.490282481204024e-5 -6.242513478753664e-5] … [-0.0010433350260250136 -0.0006995899731911106 0.0008333452994107927; -0.0002436224313509848 -4.5049533048305374e-5 0.00012193332513191233; 9.601342992300441e-5 0.00039118279642764227 -0.00029664757981977914] [-0.009989966601795928 0.0004232835576318888 0.002491410441248086; 0.0008350540493608585 -0.005346239029254633 0.002403604447700351; 0.0014467215908685368 0.0019116350328575085 -0.0013726243030834952]])</code></pre><p>combining the operators</p><pre><code class="language-julia hljs">L = I / 2 + D + μ * S</code></pre><pre class="documenter-example-output"><code class="nohighlight hljs ansi">4920×4920 Inti.BlockArray{StaticArraysCore.SMatrix{3, 3, Float64, 9}, 2, Float64}:
 [0.503394 0.00428019 -0.00562153; 0.00440129 0.50406 0.00415651; -0.00531308 0.00365393 0.499462]                 …  [-7.45211e-6 -4.47347e-5 -3.18037e-5; -4.47347e-5 2.35109e-5 -2.26479e-5; -3.18037e-5 -2.26479e-5 3.92659e-5]
 [0.00197461 0.000978894 9.16558e-5; 0.00260091 -0.000893373 0.000437959; 0.000804652 -0.00176896 0.00349353]         [-1.61789e-6 -4.56383e-5 -3.00199e-5; -4.56383e-5 1.75975e-5 -2.43582e-5; -3.00199e-5 -2.43582e-5 3.86061e-5]
 [0.00367786 0.000264179 -0.000696139; -0.00120209 0.00282813 -0.00274384; -0.000983483 -0.000240369 -0.00117094]     [-4.52309e-6 -4.24148e-5 -3.23612e-5; -4.24148e-5 2.25268e-5 -2.36475e-5; -3.23612e-5 -2.36475e-5 3.54785e-5]
 [6.72722e-5 0.00165883 -0.00109911; 0.00185875 -0.0028857 -0.000785268; -0.000835266 -0.000758599 -0.000734673]      [1.25387e-6 -4.30334e-5 -3.05065e-5; -4.30334e-5 1.6782e-5 -2.54951e-5; -3.05065e-5 -2.54951e-5 3.46727e-5]
 [0.000943328 -0.000344101 -0.00734172; 0.0018252 0.00504732 0.00829502; -0.00170601 0.00144776 -0.00279881]          [-1.01737e-5 -4.06543e-5 -3.4397e-5; -4.06543e-5 2.85171e-5 -2.17249e-5; -3.4397e-5 -2.17249e-5 3.58129e-5]
 [0.000500353 0.00196501 -0.00125261; 0.0019821 0.00187381 0.00195388; -0.00313395 0.00453228 0.00220723]          …  [-4.19383e-6 -4.85429e-5 -2.91371e-5; -4.85429e-5 1.80788e-5 -2.32096e-5; -2.91371e-5 -2.32096e-5 4.28151e-5]
 [0.000192295 -3.87619e-6 3.68828e-5; -3.87619e-6 0.000191606 4.03024e-5; 3.68828e-5 4.03024e-5 -0.000187645]         [2.04719e-5 -1.32076e-5 -3.18441e-5; -1.32076e-5 3.12023e-5 -2.14354e-5; -3.18441e-5 -2.14354e-5 -1.15889e-5]
 [0.000204965 -2.77646e-6 2.2175e-5; -2.77646e-6 0.000199842 5.06285e-5; 2.2175e-5 5.06285e-5 -0.000198178]           [1.83009e-5 -1.39908e-5 -3.33744e-5; -1.39908e-5 3.17527e-5 -2.09863e-5; -3.33744e-5 -2.09863e-5 -9.51165e-6]
 [0.000204747 -1.56576e-6 3.58692e-5; -1.56576e-6 0.000207091 1.79556e-5; 3.58692e-5 1.79556e-5 -0.00020346]          [1.97592e-5 -1.50497e-5 -3.18181e-5; -1.50497e-5 2.93693e-5 -2.32417e-5; -3.18181e-5 -2.32417e-5 -8.77527e-6]
 [0.000220499 -1.13397e-6 1.87828e-5; -1.13397e-6 0.000219699 2.65415e-5; 1.87828e-5 2.65415e-5 -0.000218326]         [1.742e-5 -1.60849e-5 -3.33171e-5; -1.60849e-5 2.98662e-5 -2.28337e-5; -3.33171e-5 -2.28337e-5 -6.40602e-6]
 ⋮                                                                                                                 ⋱  
 [-5.03562e-6 -0.00012265 -6.64701e-5; -0.00012265 3.53744e-5 -5.64159e-5; -6.64701e-5 -5.64159e-5 0.000108898]       [0.0005287 0.000104003 -4.42099e-5; 0.000104003 -0.000361218 0.000383386; -4.42099e-5 0.000383386 0.000377723]
 [-1.72569e-5 -0.000118464 -5.54576e-5; -0.000118464 3.76914e-5 -4.40678e-5; -5.54576e-5 -4.40678e-5 0.000111196]     [0.000222166 -0.000235674 0.000154854; -0.000235674 -4.48977e-5 0.000265722; 0.000154854 0.000265722 0.00018491]
 [-3.42527e-5 -0.000110905 -6.45566e-5; -0.000110905 5.90276e-5 -4.28842e-5; -6.45566e-5 -4.28842e-5 0.000107738]     [-0.000232595 -0.000223752 0.000313569; -0.000223752 0.000379394 0.000102415; 0.000313569 0.000102415 0.000308947]
 [-2.70599e-5 -0.000113616 -7.50321e-5; -0.000113616 6.08089e-5 -5.14323e-5; -7.50321e-5 -5.14323e-5 0.000104724]     [-0.000733298 -0.000143359 0.000981945; -0.000763331 9.74799e-5 0.00116401; 0.0014368 -0.00352343 0.00158583]
 [-1.26934e-5 -0.000119635 -7.6002e-5; -0.000119635 4.97498e-5 -5.87129e-5; -7.6002e-5 -5.87129e-5 0.00010487]     …  [3.35967e-5 -0.00120091 0.00118591; -0.0015037 -0.00134182 0.00174819; 0.0030858 0.00236568 -0.000577536]
 [-2.04567e-5 -0.000116936 -6.94577e-5; -0.000116936 5.07988e-5 -5.14478e-5; -6.94577e-5 -5.14478e-5 0.000106855]     [0.000135791 -0.000266823 0.000296497; -0.000655077 -0.000932698 0.000677738; 0.000683819 0.00106618 -0.000491165]
 [-5.07323e-6 -0.00012259 -6.95434e-5; -0.00012259 3.79606e-5 -5.84003e-5; -6.95434e-5 -5.84003e-5 0.000107779]       [-0.00121218 0.00182415 -0.000992952; -0.000880935 -1.67036e-5 -0.00045599; 0.000941162 -0.000630715 0.00121988]
 [-3.47311e-5 -0.000110468 -6.75395e-5; -0.000110468 6.1584e-5 -4.42351e-5; -6.75395e-5 -4.42351e-5 0.00010689]       [-0.000495233 -0.00229497 0.000641492; 0.00184442 -0.00142559 -0.000685603; 0.00165017 0.00318154 -0.00116422]
 [-1.94412e-5 -0.000116311 -8.26901e-5; -0.000116311 6.10632e-5 -5.8885e-5; -8.26901e-5 -5.8885e-5 0.000102026]       [0.4994 0.00024734 0.00171876; 0.000440841 0.502117 0.00188436; 0.000502182 0.00135798 0.504707]</code></pre><p>HACK: to solve the resulting system using gmres we need to wrap L so that it works on scalars</p><pre><code class="language-julia hljs">using IterativeSolvers, LinearMaps

L_ = LinearMap{Float64}(3 * size(L, 1)) do y, x
    σ = reinterpret(T, x)
    μ = reinterpret(T, y)
    mul!(μ, L, σ)
    return y
end

σ_ = reinterpret(Float64, σ)
f_ = reinterpret(Float64, f)

gmres!(σ_, L_, f_; verbose = true, abstol = 1e-8, maxiter = 200, restart = 200)</code></pre><pre class="documenter-example-output"><code class="nohighlight hljs ansi">14760-element reinterpret(Float64, ::Vector{StaticArraysCore.SVector{3, Float64}}):
  1.500008384459233
  1.2751887985386865e-5
  5.18610263853198e-6
  1.500013898468349
 -1.8168561083890271e-6
 -1.0917492520850034e-5
  1.5000045914301998
  6.1170106352942e-7
 -3.511442190067265e-5
  1.5000194192049985
  ⋮
  1.5000119866228836
 -1.670314888263667e-5
 -3.216459089038532e-6
  1.4999953531565249
  1.1402349754163328e-5
  5.018192320177735e-6
  1.5000211449701792
  2.351814175383563e-6
  6.2818359031568926e-6</code></pre><p>F = ∫ σ dS</p><pre><code class="language-julia hljs">drag = μ * sum(eachindex(Q)) do i
    return σ[i] * Q[i].weight
end

exact = 6π * μ * R * v

@show (norm(drag) - exact) / exact</code></pre><pre class="documenter-example-output"><code class="nohighlight hljs ansi">-8.429560947524154e-6</code></pre><hr/><p><em>This page was generated using <a href="https://github.com/fredrikekre/Literate.jl">Literate.jl</a>.</em></p></article><nav class="docs-footer"><a class="docs-footer-prevpage" href="../poisson/">« Poisson solver</a><a class="docs-footer-nextpage" href="../../../references/">References »</a><div class="flexbox-break"></div><p class="footer-message">Powered by <a href="https://github.com/JuliaDocs/Documenter.jl">Documenter.jl</a> and the <a href="https://julialang.org/">Julia Programming Language</a>.</p></nav></div><div class="modal" id="documenter-settings"><div class="modal-background"></div><div class="modal-card"><header class="modal-card-head"><p class="modal-card-title">Settings</p><button class="delete"></button></header><section class="modal-card-body"><p><label class="label">Theme</label><div class="select"><select id="documenter-themepicker"><option value="auto">Automatic (OS)</option><option value="documenter-light">documenter-light</option><option value="documenter-dark">documenter-dark</option></select></div></p><hr/><p>This document was generated with <a href="https://github.com/JuliaDocs/Documenter.jl">Documenter.jl</a> version 1.4.1 on <span class="colophon-date" title="Friday 7 June 2024 17:06">Friday 7 June 2024</span>. Using Julia version 1.10.4.</p></section><footer class="modal-card-foot"></footer></div></div></div></body></html>
